! ground state of non-magnetic Mn-taa molecule

tasks
  901

tevecsv
  .false.

sirius_davidson_eigen_solver
                       .true.
use_sirius_library
                       .true.
use_sirius_init
                       .true.
sirius_run_full_scf
                       .true.
use_sirius_cfun
                       .true.
use_sirius_gvec
                       .true.
use_sirius_gkvec
                       .true.
test_sirius_evec
                       .false.
		       
maxscl
  30

avec
  1.0  0.0  0.0
  0.0  1.0  0.0
  0.0  0.0  1.0

scale
  38.378445102     !! 20.3090000000000011 Angs x 1.8897259886 = 38.378445102 Bohr

atoms 
   4                   : nspecies
'C.in'                 : spfname
   21                  : natoms; atposl, bfcmt below
     0.3489469693239450     0.5391640159535181     0.4175850115712246   0.00000   0.00000   0.00000 
     0.5388760155596041     0.4183639765621153     0.3487950169875424   0.00000   0.00000   0.00000 
     0.4175790043822936     0.3493380274755035     0.5392269929587867   0.00000   0.00000   0.00000 
     0.3514870254566941     0.6085400068934954     0.4169920232409277   0.00000   0.00000   0.00000 
     0.6080560342705205     0.4172160126052489     0.3510850361908514   0.00000   0.00000   0.00000 
     0.4166680289526811     0.3512529912846521     0.6086750209266827   0.00000   0.00000   0.00000 
     0.4184989905953025     0.6250479590329410     0.4136109606578364   0.00000   0.00000   0.00000 
     0.6248580432320645     0.4130879905460633     0.4182569796641883   0.00000   0.00000   0.00000 
     0.4135070165936284     0.4181190112757890     0.6256930424934758   0.00000   0.00000   0.00000 
     0.4544279875917080     0.5654789994583682     0.4123390122605741   0.00000   0.00000   0.00000 
     0.5655419764636368     0.4120880397853169     0.4541060121128563   0.00000   0.00000   0.00000 
     0.4123789945344428     0.4542740164459107     0.5661919838495247   0.00000   0.00000   0.00000 
     0.2992169973903195     0.4907310059579496     0.4187299719336255   0.00000   0.00000   0.00000 
     0.4902499876901866     0.4194549707026441     0.2987230291988773   0.00000   0.00000   0.00000 
     0.4185059825693042     0.2994369983751046     0.4908350485006647   0.00000   0.00000   0.00000 
     0.2700799645477374     0.3765749667635038     0.4167610419026048   0.00000   0.00000   0.00000 
     0.3763349746417844     0.4166400118174208     0.2691100004923925   0.00000   0.00000   0.00000 
     0.4169469693239450     0.2693009995568467     0.3767099807966911   0.00000   0.00000   0.00000 
     0.2604759958639027     0.3447890097986114     0.3487289871485548   0.00000   0.00000   0.00000 
     0.3448129893150820     0.3484170072381703     0.2599300310207297   0.00000   0.00000   0.00000 
     0.3488540056132749     0.2599979811906051     0.3448090009355458   0.00000   0.00000   0.00000 
'H.in'                 : spfname
   24                  : natoms; atposl, bfcmt below
     0.3092109902013885     0.6413670293958343     0.4178830075336058   0.00000   0.00000   0.00000 
     0.6408169776946181     0.4184810182677631     0.3087530159042788   0.00000   0.00000   0.00000 
     0.4171949874439904     0.3086890048746861     0.6411539711457974   0.00000   0.00000   0.00000 
     0.4395099709488404     0.6743249790733172     0.4119759712442759   0.00000   0.00000   0.00000 
     0.6741970062533851     0.4112139937958540     0.4390339750849376   0.00000   0.00000   0.00000 
     0.4120269831109360     0.4388529715889507     0.6750739573588064   0.00000   0.00000   0.00000 
     0.5073369934511792     0.5581090157073219     0.4101919838495248   0.00000   0.00000   0.00000 
     0.5580970505687134     0.4097000344674775     0.5070190063518637   0.00000   0.00000   0.00000 
     0.4103740213698360     0.5072670244719090     0.5591299916293269   0.00000   0.00000   0.00000 
     0.2467299719336255     0.5029220050224039     0.4218969914816091   0.00000   0.00000   0.00000 
     0.5028760155596040     0.4229150130484022     0.2463369934511793   0.00000   0.00000   0.00000 
     0.4212509724752573     0.2470489930572653     0.5037249987690186   0.00000   0.00000   0.00000 
     0.2221250184647200     0.3955149933527008     0.4339159978334728   0.00000   0.00000   0.00000 
     0.3950700182185238     0.4336010143286228     0.2210079767590723   0.00000   0.00000   0.00000 
     0.4339210202373332     0.2212249741493919     0.3955230193510266   0.00000   0.00000   0.00000 
     0.2864230144271013     0.3385620168398247     0.4518090009355458   0.00000   0.00000   0.00000 
     0.3382219705549264     0.4515160273770249     0.2855420257028903   0.00000   0.00000   0.00000 
     0.4519649908907381     0.2857649810428873     0.3387500123098133   0.00000   0.00000   0.00000 
     0.2227990053670786     0.3058040277709390     0.3548179624796888   0.00000   0.00000   0.00000 
     0.3055939731153676     0.3542269929587867     0.2224530011325028   0.00000   0.00000   0.00000 
     0.3549410113742676     0.2224400019695701     0.3057319907430203   0.00000   0.00000   0.00000 
     0.2393540302329017     0.3817810330395391     0.3151799694716628   0.00000   0.00000   0.00000 
     0.3818150081244768     0.3149079718351470     0.2387799990152149   0.00000   0.00000   0.00000 
     0.3152420109311143     0.2388869959131420     0.3817419863114875   0.00000   0.00000   0.00000 
'Mn.in'                : spfname
   1                   : natoms; atposl, bfcmt below
     0.4166210054655571     0.4168129893150819     0.4163889901029100   0.00000   0.00000   0.00000 
'N.in'                 : spfname
   7                   : natoms; atposl, bfcmt below
     0.4126319858190950     0.5137609434240976     0.4149770052686002   0.00000   0.00000   0.00000 
     0.5136860012802206     0.4155229701117731     0.4122759860160520   0.00000   0.00000   0.00000 
     0.4151499827662612     0.4129190014279384     0.5142380225515780   0.00000   0.00000   0.00000 
     0.3188090009355458     0.4289250086168694     0.4160050224038603   0.00000   0.00000   0.00000 
     0.4285910187601555     0.4162260081737161     0.3178879806982126   0.00000   0.00000   0.00000 
     0.4162710128514452     0.3181069968979270     0.4289120094539367   0.00000   0.00000   0.00000 
     0.3195290265399577     0.3191489979811906     0.3192719976365158   0.00000   0.00000   0.00000 

sppath
  './'

rgkmax      !! R_mt*max{|G+k|}, this determines max{|G+k|}.  SIRIUS::aw_cutoff
  7

gmaxvr      !! max{|G|} for interstitial density & potential. SIRIUS::pw_cutoff   , was 12
  16

lmaxapw     !! l cut-off for the APW functions, default 8, must be >=0. SIRIUS::lmax_apw
   8

lmaxvr      !! l cut-off for for potentials and densities, default 7, must be >=3. SIRIUS::lmax_rho/lmax_pot
   8

nempty      !! number of empty states per atom and spin, default 4
  100

!autoswidth  !! smearing parameter "swidth" determined automatically
!  .true.

!xctype
!   3  0  0    !! 3 means LSDA, not parsed to sirius

ngridk
  1  1  1

